25820
25821
32911
32913
32915
32912
32914
32916
32917
31958
32332
21127
21115
21117
21119
21121
21123
21125
21198
21193
21194
21196
21202
21201
21199
21200
21197
21192
21195
28641
28350
33037
24721
24722
15760
15761
21377
21378
1998
2003
2013
23969
23251
23250
24726
25150
27501
24725
27504
27506
20513
25151
23972
27502
12637
12638
28300
32082
18429
25664
25665
25669
25670
26054
26055
32270
26062
26063
32271
25663
25662
32268
25661
25660
25647
25646
32266
25645
25644
32273
25651
25650
25649
25648
20398
25672
25671
32272
25676
25675
32261
25678
25677
32262
25674
25673
32265
25659
25658
32264
25657
25656
32267
25655
25654
25653
25652
25668
25667
20372
25680
25679
25682
25681
32269
32263
25690
25708
25918
25936
20217
25685
25703
25913
25931
30350
20219
25695
25716
25923
25944
30349
25718
25946
20222
25697
25925
32280
32281
32282
32283
32279
25710
25938
20221
25692
25920
32276
32277
25705
25933
20220
25687
25915
32275
32274
32278
25715
25943
20228
25694
25922
32707
32708
32705
32704
32706
25707
25935
20227
25689
25917
32710
32709
25702
25930
20226
25684
25912
32712
32713
32711
25717
25945
20231
25696
25924
32289
32291
32292
32293
32290
25709
25937
20230
25691
25919
32286
32287
25704
25932
20229
25686
25914
32285
32284
32288
25714
25942
20225
25693
25921
32723
32724
32721
32720
32722
25706
25934
20224
25688
25916
32726
32725
25701
25929
20223
25683
25911
32728
32729
32727
20218
20255
20289
20311
20363
20394
20402
20851
20852
20853
21065
26053
26061
28506
28507
28508
28510
28511
28512
28513
28514
28515
28526
29453
30207
32980
32981
32982
32983
32984
32985
32986
32987
32988
32989
28595
28596
28597
28598
28628
32950
32951
32952
32953
32954
28593
28594
32955
32956
28591
28592
28629
32957
32958
32959
28579
28580
28581
28582
28630
32930
32931
32932
32933
32934
28577
28578
32935
32936
28575
28576
28631
32937
32938
32939
28587
28588
28589
28590
28632
32940
32941
32942
32943
32944
28585
28586
32945
32946
28583
28584
28633
32947
32948
32949
28603
28604
28605
28606
28634
32960
32961
32962
32963
32964
28601
28602
32965
32966
28599
28600
28635
32967
32968
32969
23613
23616
24685
24688
26388
26389
28292
28295
23614
23617
24686
24689
28293
28296
28607
28608
28613
28614
28615
28616
28617
28618
28619
28636
28637
32970
32971
32972
32973
32974
32975
32976
32977
32978
32979
25698
25699
25700
25711
25712
25713
25926
25927
25928
25939
25940
25941
17616
17625
17637
17640
17643
17684
17615
17622
17628
17630
17634
17636
17642
17649
17655
17657
17661
17663
17669
17676
17679
17683
4276
4397
4392
6933
6931
4275
4398
6938
6936
4277
4399
4394
6943
6940
4268
3951
4395
6929
4400
4260
8601
6930
4257
4258
4401
8602
4272
6935
6937
4274
3955
4396
6939
4402
4259
8603
6941
12770
12771
12772
12781
12782
12783
12792
12793
12794
12795
13675
13677
13679
13673
13676
13678
13680
13674
13291
13286
13295
4267
4403
8598
13290
13280
13285
4271
4404
8599
4273
4405
8600
4261
13294
3952
6932
8604
13289
13287
13281
8605
13284
13282
6942
8606
13296
13292
13288
13283
13293
6934
6945
6944
12773
12775
12786
14134
12787
12796
12798
12799
15667
15668
12286
12287
12288
12289
12291
12290
15730
15732
15731
15799
15800
15801
15802
15803
15804
15805
16855
16856
16857
16858
16859
16860
16861
16862
18142
18140
18144
18138
18143
18141
18139
18145
18148
18146
18147
16760
16758
14133
18309
18303
18314
18311
18307
18316
18310
18306
18313
18315
18312
18308
18317
19263
19268
19265
19266
19264
19267
19203
20862
20860
20861
20864
21025
21016
21017
21051
21050
21052
21061
21059
21060
21062
21189
21190
21499
21501
21503
21500
21502
21504
22113
22155
22158
22160
22156
22159
22157
22161
21679
21680
22251
22252
22253
22254
22255
22256
22257
23402
23403
23404
23405
23406
23407
23408
23486
23487
23488
23480
23482
23484
23481
23483
23485
23582
23583
23584
23585
23586
23587
23588
23740
23742
23743
23745
23741
23744
23746
24350
24354
24357
24360
24352
24355
24361
24351
24356
24358
24362
24353
24359
24363
24608
24612
24614
24616
24609
24620
24617
24610
24613
24618
24611
24615
24619
24701
24704
24707
24700
24705
24708
24702
24709
24703
24706
24710
24744
24746
24748
24750
24745
24747
24749
24751
24885
24889
24892
24895
24886
24890
24896
24887
24891
24893
24897
24888
24894
24898
25064
25068
25073
25065
25069
25071
25074
25066
25070
25072
25075
25067
25076
25149
25302
25306
25310
25303
25307
25311
25304
25309
25312
25305
25308
25313
26183
26355
26364
26373
26181
26357
26365
26374
26182
26381
26366
26375
26175
26359
26367
26371
26376
26186
26360
26368
26377
26185
26361
26372
26378
26187
26362
26369
26379
26184
26363
26370
26380
25622
25623
25624
25625
25626
26708
25465
25466
25467
27311
27317
27327
27312
27318
27323
27328
27314
27320
27330
27315
27321
27325
27331
27333
27334
27335
27336
27337
27338
27172
27547
27548
27549
27550
27551
27552
27553
27554
27555
27556
27557
27558
27559
27560
27561
27562
27572
27764
27765
27766
27767
27768
27769
27770
27771
27774
27776
27777
27778
27876
27877
27878
27879
27883
27884
27885
27886
27887
27888
27772
27773
27852
27853
28070
28071
28072
28073
28074
28075
27873
27874
27875
27880
27881
27882
27889
27890
28086
28087
27974
28088
28091
28092
27975
28093
28095
28097
28333
28334
28335
28336
28337
28338
28305
28306
28339
28340
28341
28342
28343
28344
28345
28318
28320
28322
28324
28326
28327
28329
28286
28287
28288
28289
28290
28473
28474
28475
28476
28486
28487
28488
28489
28490
28491
28492
28493
28494
28495
28496
28497
28498
28434
28435
28436
28574
28573
28645
28666
28667
28668
28669
28661
28662
28663
28664
28665
28671
29595
29597
29599
28670
29596
29598
29600
29601
28928
28929
29602
28930
28931
28932
28933
29603
28934
28935
28936
28937
29604
28938
28939
28940
29926
29927
29928
29929
29930
29931
29932
29933
29934
29936
29937
29938
29939
29940
29941
29942
29943
30172
30173
30174
30175
30176
30177
30179
30180
30181
30182
30183
30184
30185
30186
30187
30188
30189
30190
30613
30137
29452
30406
30367
30407
30368
30835
30836
30837
30838
30843
30844
30845
30846
30847
30848
30849
30850
30855
30856
30857
30858
30859
30860
30861
30862
30863
30864
31028
31029
31030
31031
31032
31033
31034
31035
31036
31037
31038
31039
31040
31041
31048
31049
31051
31050
31079
31105
31109
31112
31116
31107
31114
31118
31119
31120
31291
31295
31302
31292
31299
31296
31293
31297
31300
31303
31294
31298
31301
31304
31306
31307
31308
31309
31649
31650
31651
31652
31653
31654
31655
31659
31656
31657
31658
31660
31661
31662
31663
31564
31869
31870
31871
31872
31873
31874
31875
31876
31877
32093
32208
32209
32210
32211
32212
32213
32214
32215
32216
32217
32218
32219
32220
32221
32222
32224
32225
32226
32866
32867
32868
32869
32870
32871
32872
32873
32874
32875
32876
32877
32878
32879
32880
32881
32882
33090
33091
33092
33093
33094
33095
33096
33097
33098
33099
33100
33101
33102
33106
33107
33108
33109
33117
33119
34012
34013
34014
34015
34016
34017
34018
34019
34020
34021
34022
34023
34026
34027
34582
34583
34586
34587
34588
34589
34590
34591
34592
34593
34537
34538
34539
34543
34544
34545
34560
34561
34731
34727
34728
34729
34692
34693
34694
34695
34696
30550
32260
34701
34702
34703
34704
34705
34710
34711
34712
34713
34714
34717
34718
34720
34721
33134
33135
33137
33138
33153
32071
32072
32073
32074
32075
31542
31543
31544
31545
31546
28657
28658
28659
28660
15312
15314
15579
2010
2006
2000
2004
2011
2014
2007
25154
36520
36521
36522
36518
36519
36525
36514
36528
36524
36523
36515
36517
36516
36527
36526
36348
36347
36346
36353
36349
36352
36354
36551
36351
36350
35764
35772
35748
35756
35760
35740
35744
35752
35776
35768
35763
35771
35747
35755
35759
35739
35743
35751
35775
35767
35762
35770
35746
35754
35758
35738
35742
35750
35774
35766
35761
35769
35745
35753
35757
35737
35741
35749
35773
35765
36586
36587
36588
36589
36590
36591
36592
36593
36594
36595
36606
36607
36608
36609
36610
36611
36612
36613
36614
36615
36596
36597
36598
36599
36600
36601
36602
36603
36604
36605
36616
36617
36618
36619
36620
36621
36622
36623
36624
36625
36539
36642
36643
36644
36645
36646
36647
36648
36649
36650
36529
36530
36531
36532
36533
36534
36535
36536
36537
36538
36651
36652
36653
36654
36655
36656
36657
36658
36659
36660
36661
36662
36663
36664
36665
36666
36667
36668
36669
36670
36675
36676
36343
36674
36673
36681
21419
36873
36874
36871
36872
36870
15004
15016
14988
26731
14994
14928
14946
14874
28291
27976
27977
28083
28084
28085
28089
28090
28094
28096
28206
28207
28208
28212
28213
28217
28219
28396
28401
28402
28403
28405
28406
28407
28409
28411
32799
32800
32806
32808
41084
41085
41772
41773
41774
41775
41784
41785
41786
41787
41788
41789
41790
41791
41792
41793
41794
41795
41796
41797
41798
41799
41800
41801
41802
41803
41804
41805
41806
41807
41808
41809
41810
41811
41812
41813
41814
41815
41816
41817
41818
41819
41820
41821
41822
41823
41824
41825
41826
41827
41828
41829
41830
41831
41832
41833
41834
41835